1.8022243976593018
9.541604995727539
0.5222883224487305
2.9020819664001465
4.836108207702637
5.270939826965332
5.776426792144775
5.86767578125
4.106201171875
7.538120746612549
9.414603233337402
4.091385364532471
9.511662483215332
0.27667227387428284
3.0988149642944336
5.043839931488037
2.0598268508911133
7.573487281799316
8.35294246673584
5.385913848876953
5.788341522216797
0.31049931049346924
5.889796733856201
6.89314603805542
8.28719711303711
5.408780574798584
9.151548385620117
1.6528167724609375
3.060218334197998
3.959819793701172
5.008199214935303
1.7312754392623901
8.290999412536621
4.892979621887207
3.5190491676330566
5.335867404937744
9.666338920593262
0.21351200342178345
6.3688459396362305
1.3842679262161255
9.632171630859375
9.009201049804688
0.28143203258514404
3.182770252227783
9.023484230041504
7.384877681732178
1.2868494987487793
5.698712348937988
2.9816665649414062
0.6343778967857361
5.368825912475586
9.295035362243652
9.232253074645996
2.426722764968872
8.634432792663574
0.17939922213554382
8.706905364990234
4.887984275817871
4.067402362823486
0.9742382764816284
5.344588756561279
4.215739727020264
0.37182796001434326
6.042947292327881
4.965795040130615
9.638846397399902
2.5052056312561035
9.479233741760254
3.068056583404541
8.985491752624512
1.3749253749847412
9.271751403808594
3.7194156646728516
4.320992469787598
5.91426420211792
3.322284460067749
2.614375352859497
8.121377944946289
5.134939670562744
7.991057395935059
0.8060423135757446
3.9304277896881104
0.5429564118385315
6.515217304229736
7.265711307525635
3.363204002380371
3.6660032272338867
3.278243064880371
7.643855094909668
5.588743686676025
1.9237852096557617
6.950732231140137
8.4236421585083
3.2516446113586426
2.3837740421295166
2.3788087368011475
6.803094863891602
9.458362579345703
3.6797783374786377
5.882277011871338
9.32646369934082
2.6127922534942627
7.790820121765137
7.6784772872924805
7.326915740966797
6.420141220092773
9.65564250946045
4.300504684448242
8.9024076461792
8.724048614501953
5.150247573852539
8.560478210449219
9.481748580932617
9.368485450744629
1.4647085666656494
2.3586573600769043
7.977113246917725
6.057830333709717
2.955491542816162
4.012866497039795
1.8682239055633545
4.048695087432861
3.6475539207458496
6.363527297973633
5.887603759765625
9.45232105255127
2.4713191986083984
4.5409369468688965
9.553759574890137
2.921297073364258
2.8668856620788574
6.124579906463623
7.387411594390869
6.174487590789795
8.735407829284668
9.616411209106445
7.166964530944824
1.858157992362976
7.245512962341309
2.0517380237579346
7.0514726638793945
5.776701927185059
0.819846510887146
8.407902717590332
1.497307538986206
9.3389892578125
8.941492080688477
1.832010269165039
4.018758773803711
9.506176948547363
7.140090465545654
1.1636978387832642
7.859277725219727
1.5352033376693726
5.396608829498291
0.7469130158424377
5.520071983337402
4.792402744293213
4.202528476715088
9.627870559692383
1.4411630630493164
9.28761100769043
5.667979717254639
0.2814139127731323
6.671280384063721
0.8498550653457642
8.148545265197754
7.128018379211426
5.788969993591309
2.1734678745269775
8.235790252685547
5.584407329559326
7.064520835876465
7.9333014488220215
6.421833038330078
8.142240524291992
0.22090157866477966
0.6299571990966797
6.086698055267334
4.815938472747803
2.067687511444092
3.2277612686157227
0.26661211252212524
0.5381115674972534
9.544049263000488
0.2833917438983917
9.625505447387695
8.904812812805176
7.070809364318848
4.666607856750488
9.320548057556152
0.8823663592338562
8.968761444091797
2.148402214050293
5.125526428222656
2.050797700881958
0.3249898850917816
0.4630352556705475
4.253927707672119
0.980453372001648
9.520711898803711
0.37402230501174927
0.8693451881408691
4.911696434020996
9.639044761657715
3.0121419429779053
5.639763355255127
5.526568412780762
6.7703728675842285
6.181652545928955
0.38661807775497437
9.176270484924316
8.618823051452637
6.674585819244385
1.8338828086853027
4.933660507202148
9.584881782531738
5.817700386047363
4.719749450683594
1.0945602655410767
2.3612966537475586
4.183880805969238
6.258684158325195
2.9997329711914062
0.31363025307655334
8.648902893066406
8.60146713256836
1.1009935140609741
9.388534545898438
6.047926425933838
1.7347352504730225
1.8758224248886108
8.288284301757812
2.9374027252197266
5.431127548217773
6.5522141456604
2.2835474014282227
8.052577018737793
3.634248733520508
1.3891212940216064
4.128211975097656
1.9712941646575928
2.8772525787353516
2.0336344242095947
9.644261360168457
0.7652550935745239
7.515513896942139
0.23529088497161865
1.7524136304855347
6.140735149383545
1.8560574054718018
6.870344161987305
4.011938095092773
4.272663116455078
9.172290802001953
0.46248888969421387
7.588970184326172
6.808759689331055
4.039235591888428
8.384923934936523
7.637170791625977
9.013534545898438
1.6927467584609985
2.915104866027832
7.1430511474609375
3.277704954147339
8.355802536010742
4.114346027374268
7.331095218658447
9.353925704956055
3.7424280643463135
7.210020542144775
2.5734307765960693
7.4850873947143555
4.097567558288574
3.018360137939453
1.755577564239502
2.5841476917266846
8.479488372802734
8.159238815307617
6.703858375549316
6.887613296508789
8.1383638381958
2.5900721549987793
3.4132611751556396
2.353400230407715
7.5212626457214355
5.914683818817139
8.65887451171875
0.696109414100647
0.5393965244293213
3.201200485229492
8.867074012756348
8.080724716186523
7.7077741622924805
0.44413483142852783
9.055460929870605
3.376333475112915
7.136397838592529
1.9811592102050781
3.883206367492676
6.937108993530273
3.163987398147583
0.34759047627449036
2.7816925048828125
7.106029987335205
3.4718167781829834
8.668569564819336
2.713928461074829
8.898946762084961
1.4564869403839111
8.96181583404541
3.8805480003356934
0.23017048835754395
0.5877143740653992
3.0635976791381836
4.467263698577881
7.388991355895996
3.108306884765625
5.124147415161133
7.701056480407715
3.8204870223999023
0.6035083532333374
9.566794395446777
4.992614269256592
0.23837924003601074
8.027680397033691
5.442381858825684
2.9537887573242188
1.3880438804626465
8.929125785827637
1.9616001844406128
7.963704586029053
1.0714327096939087
8.183403968811035
0.7476938366889954
6.235640048980713
7.67958927154541
9.622217178344727
6.428337097167969
9.209517478942871
8.518009185791016
0.43808990716934204
3.285675048828125
9.446244239807129
3.8097329139709473
6.939235210418701
5.896571159362793
3.242980480194092
8.818439483642578
1.7779693603515625
1.3973010778427124
5.684332847595215
1.7187689542770386
7.98488712310791
2.506887435913086
2.353342294692993
3.5122525691986084
0.3412610590457916
9.576034545898438
5.0723748207092285
6.401973247528076
9.632591247558594
9.260140419006348
0.8392302989959717
6.985119819641113
8.812295913696289
9.581880569458008
3.9944002628326416
8.050357818603516
0.43455299735069275
1.8895697593688965
0.3496876657009125
0.3312024176120758
6.072282314300537
6.955846786499023
4.380246162414551
5.44534969329834
7.048520565032959
4.757508754730225
0.45077210664749146
1.638456106185913
2.471914529800415
9.630525588989258
9.591246604919434
4.138882637023926
5.294999122619629
4.912932395935059
2.6237711906433105
9.491029739379883
2.762268543243408
1.3009475469589233
1.4855254888534546
0.7587024569511414
7.610386848449707
1.9183728694915771
1.1851691007614136
0.9283884763717651
0.24239225685596466
5.233692169189453
5.158282279968262
1.3631905317306519
9.654092788696289
7.964542388916016
7.143869400024414
9.64737319946289
8.42434310913086
3.6187286376953125
7.877187728881836
9.302472114562988
1.6486161947250366
9.574392318725586
6.044680595397949
7.711982250213623
9.206758499145508
5.480201244354248
0.695471465587616
6.757087707519531
7.388302803039551
3.449930191040039
0.3124736547470093
1.5082825422286987
4.027323246002197
6.180091381072998
0.8972914218902588
2.57987117767334
9.635356903076172
8.360091209411621
5.292543411254883
6.643244743347168
0.3254615068435669
9.64993667602539
9.29149055480957
3.9748759269714355
9.195162773132324
1.4367997646331787
7.277983665466309
0.6281605362892151
4.352168560028076
2.671501398086548
3.700763702392578
4.962491512298584
9.57398509979248
9.647125244140625
4.231053352355957
7.245820045471191
0.48059922456741333
2.55491304397583
0.9733179211616516
3.990028142929077
4.673621654510498
3.875443458557129
9.64926815032959
3.96240496635437
7.601799964904785
0.8819884061813354
5.829486846923828
8.490097045898438
9.58370590209961
8.952947616577148
3.5620460510253906
0.7685719728469849
3.216099739074707
3.682986259460449
8.68166446685791
3.1097652912139893
0.5908060073852539
0.20074450969696045
3.057861328125
6.967806816101074
0.6963294744491577
9.660865783691406
3.3204100131988525
1.2516075372695923
7.753635406494141
1.2921327352523804
9.446737289428711
9.114038467407227
5.954875469207764
1.940152883529663
3.5295982360839844
8.074272155761719
9.467114448547363
3.107520580291748
1.2351183891296387
0.33118218183517456
7.159901142120361
2.4489238262176514
9.385120391845703
7.94735860824585
5.624519348144531
2.738952875137329
2.701326370239258
6.0854573249816895
0.8794283270835876
2.137594699859619
9.47633171081543
0.6021685004234314
6.8902482986450195
9.648534774780273
9.37928581237793
9.267158508300781
9.352363586425781
2.1405491828918457
5.6653523445129395
2.2229108810424805
3.5278215408325195
9.309341430664062
9.368522644042969
5.330714225769043
6.879231929779053
9.200239181518555
1.449465036392212
8.142120361328125
3.1407365798950195
7.896585941314697
5.210468292236328
8.0955228805542
1.7626780271530151
8.130959510803223
2.4616193771362305
8.494098663330078
3.981025218963623
4.208342552185059
2.5953009128570557
2.933854818344116
5.970418453216553
2.185089111328125
0.5382254123687744
8.689309120178223
4.37592077255249
0.5480049848556519
7.374390602111816
0.3188740015029907
6.925615310668945
4.3770036697387695
8.042847633361816
3.457538604736328
4.1855010986328125
6.584233283996582
5.448529243469238
7.559514045715332
0.3040095865726471
0.35238003730773926
5.490370273590088
9.554959297180176
0.9797604084014893
5.872520446777344
4.766941547393799
2.27557635307312
0.5521451234817505
8.90246295928955
6.932079792022705
6.148002624511719
8.104726791381836
8.656283378601074
1.369960069656372
1.3314833641052246
0.4721933603286743
6.921658992767334
4.854782581329346
5.356849670410156
9.608782768249512
3.5822677612304688
0.890831708908081
9.372293472290039
5.868338584899902
9.349934577941895
9.354912757873535
3.883726119995117
0.6987902522087097
9.636651039123535
0.9673652052879333
8.920770645141602
9.64447021484375
9.434162139892578
1.4912880659103394
5.306562900543213
1.9859094619750977
8.862418174743652
7.0954084396362305
0.5533028841018677
7.958465576171875
0.17480574548244476
8.053627967834473
1.9129374027252197
2.721102476119995
1.8497670888900757
9.035966873168945
5.113443374633789
2.495306968688965
9.266489028930664
2.1077229976654053
1.962078332901001
9.62626838684082
6.307018280029297
5.2080841064453125
3.268639087677002
2.2552995681762695
2.5503218173980713
3.2509775161743164
9.363678932189941
8.982986450195312
0.8435831069946289
3.4208872318267822
4.1846232414245605
9.31013298034668
0.29121291637420654
8.552987098693848
1.6614689826965332
4.84622859954834
5.895819187164307
3.4134726524353027
1.078847885131836
2.8766868114471436
1.1817033290863037
3.0818870067596436
4.791538715362549
5.383064270019531
5.3257012367248535
4.483458518981934
2.5414350032806396
8.357239723205566
4.820267677307129
9.630051612854004
1.2060688734054565
4.759652614593506
0.19528242945671082
9.649134635925293
5.17562198638916
8.924466133117676
5.092276573181152
9.498711585998535
7.0163373947143555
4.377589225769043
6.951427936553955
2.5917396545410156
3.6848201751708984
4.556849479675293
8.812929153442383
3.168973445892334
7.082086086273193
1.9989802837371826
9.00975227355957
5.261569023132324
0.24659918248653412
4.114595890045166
0.4075307846069336
3.6588306427001953
3.7544198036193848
5.961199760437012
0.5893005728721619
1.4128767251968384
4.2588348388671875
2.4969112873077393
5.913829803466797
7.8757243156433105
5.40398645401001
0.7736361622810364
2.907341480255127
2.968637704849243
4.990781307220459
0.287436306476593
9.508136749267578
2.361335277557373
6.806959629058838
0.19773580133914948
6.682198524475098
0.6847906708717346
1.4054920673370361
3.697690725326538
0.2012195587158203
9.619514465332031
1.0287083387374878
5.251667022705078
0.9235474467277527
3.511204719543457
3.399108409881592
9.152796745300293
4.189534664154053
0.19532188773155212
5.209950923919678
1.5903041362762451
6.429882049560547
2.34306001663208
6.305344581604004
7.135729789733887
2.328324317932129
6.454331874847412
3.6236701011657715
3.9546337127685547
2.738502264022827
2.2957162857055664
9.627177238464355
9.63062858581543
9.223526000976562
5.207826614379883
0.39649468660354614
2.701547622680664
6.807735443115234
9.441460609436035
1.3189606666564941
2.7583141326904297
6.770899295806885
1.8108786344528198
4.483781814575195
0.3160126805305481
0.8575299382209778
0.3646606504917145
9.15118408203125
9.105972290039062
1.0471069812774658
6.566494941711426
7.831725120544434
1.4623349905014038
7.654979228973389
0.4752579927444458
9.503363609313965
6.784915924072266
4.995384693145752
9.354863166809082
0.27673202753067017
1.535797357559204
5.28362512588501
1.4452106952667236
4.3720479011535645
7.8148088455200195
4.021851539611816
5.3196611404418945
7.258105278015137
3.437703847885132
7.218718528747559
4.501499176025391
4.815140247344971
0.36215919256210327
2.9761149883270264
3.537604808807373
5.585261344909668
5.259110927581787
6.815008163452148
0.7204324007034302
7.665216445922852
8.462285995483398
2.4640769958496094
1.4233661890029907
8.759950637817383
9.248246192932129
9.630266189575195
9.321195602416992
0.18428224325180054
7.074742317199707
6.316733360290527
4.584901809692383
7.460699081420898
4.437606334686279
5.110625267028809
9.34518051147461
7.811199188232422
5.3557586669921875
5.757295608520508
8.404380798339844
5.968887805938721
9.528404235839844
9.56589126586914
5.186183929443359
9.086556434631348
1.3357852697372437
3.854144811630249
8.220039367675781
5.236275672912598
9.436585426330566
8.551376342773438
8.63798713684082
9.276384353637695
6.386999130249023
3.26431941986084
7.244895935058594
8.297530174255371
5.252764701843262
4.316182613372803
3.836540699005127
1.9517829418182373
2.4325263500213623
9.597167015075684
0.34914764761924744
2.0882835388183594
9.357105255126953
2.384340524673462
8.338730812072754
2.4118387699127197
0.35366401076316833
3.749523639678955
9.62922191619873
0.8708114624023438
2.852067470550537
9.451828956604004
3.521969795227051
6.471447944641113
9.264167785644531
6.9419074058532715
4.679132461547852
9.57751178741455
2.9885151386260986
2.3641040325164795
4.582213401794434
9.330538749694824
4.961803913116455
1.1271922588348389
6.314966201782227
0.21824099123477936
8.915552139282227
4.398741245269775
2.7000153064727783
6.29197359085083
2.849374771118164
4.087954044342041
7.936074256896973
4.844672203063965
5.993034362792969
1.8047045469284058
8.149892807006836
8.964144706726074
9.194713592529297
5.627556800842285
0.9192233085632324
6.452183723449707
8.787775039672852
8.129912376403809
8.421014785766602
5.291164398193359
6.761460781097412
6.2848005294799805
4.136074066162109
8.747753143310547
9.45083999633789
4.5529093742370605
3.5782220363616943
4.509666919708252
4.758088111877441
7.642676830291748
5.235556602478027
6.95681619644165
5.039737701416016
1.7653729915618896
0.3254964351654053
3.483222723007202
0.7675861716270447
9.162313461303711
1.2311972379684448
4.3785400390625
0.8575865030288696
9.552815437316895
1.7812658548355103
0.3928777277469635
6.95960807800293
0.37235942482948303
6.124887466430664
4.401061534881592
8.020596504211426
8.789365768432617
8.597055435180664
8.684319496154785
3.465067148208618
6.102505683898926
6.657781600952148
4.38240909576416
3.4747543334960938
7.26580810546875
5.496065616607666
4.244433403015137
1.0842598676681519
7.723479270935059
9.19467544555664
3.970430374145508
2.8895277976989746
9.655765533447266
1.6056584119796753
4.911428928375244
1.2035630941390991
6.230259418487549
0.8453328013420105
7.681374549865723
1.007993221282959
8.419843673706055
2.2178988456726074
1.3411402702331543
0.2906533479690552
2.686298131942749
6.4134368896484375
6.737258434295654
2.9065847396850586
7.698780059814453
0.6204989552497864
4.674321174621582
6.544672966003418
0.23589599132537842
7.319240093231201
9.077042579650879
2.5478386878967285
3.3097078800201416
7.1797332763671875
4.563771724700928
3.0879485607147217
5.893743515014648
0.7124285697937012
5.7131242752075195
6.668268203735352
4.41805362701416
2.9475107192993164
2.1181352138519287
9.47973918914795
1.2136647701263428
7.817935466766357
1.4933562278747559
4.466846942901611
6.705662727355957
2.054060935974121
5.479496955871582
4.378181457519531
8.171425819396973
1.6787116527557373
1.2612268924713135
7.160120487213135
1.6016805171966553
1.0460771322250366
1.5329664945602417
8.469460487365723
4.3087310791015625
1.4945869445800781
2.2565853595733643
0.661885142326355
8.608685493469238
4.57728910446167
1.7368580102920532
8.883330345153809
9.61356258392334
8.16513729095459
7.243725776672363
9.578128814697266
5.293814659118652
1.9630013704299927
8.671998023986816
8.325746536254883
0.9295993447303772
2.2352850437164307
7.7742438316345215
3.190833330154419
2.7083990573883057
3.724766731262207
3.0229077339172363
4.187564849853516
7.942828178405762
3.7029125690460205
9.376397132873535
0.5765169858932495
9.471586227416992
9.652406692504883
4.696451187133789
1.0171809196472168
4.293344020843506
9.451709747314453
8.36184024810791
5.486150741577148
4.876874923706055
1.8910906314849854
8.435762405395508
2.3027377128601074
7.393798828125
0.28062644600868225
7.1517462730407715
2.0498547554016113
5.0995988845825195
0.7797776460647583
1.0600627660751343
2.176278829574585
6.253714561462402
9.655177116394043
6.254416465759277
0.27005335688591003
9.564384460449219
7.790285110473633
5.760883808135986
0.9191995859146118
4.263332366943359
0.8256470561027527
2.0831565856933594
0.796701967716217
1.9886053800582886
0.5579494833946228
7.015059471130371
4.461371898651123
0.20471280813217163
8.359635353088379
3.8645455837249756
8.57338809967041
4.70259952545166
3.8681979179382324
8.312723159790039
6.602377414703369
7.746343612670898
